1	4	4
1	19	4
2	6	2
2	18	1
2	44	1
3	26	3
4	19	1
4	36	3
5	3	4
5	9	1
6	22	1
8	49	0
9	43	4
10	8	4
10	49	0
11	7	3
11	33	3
12	28	4
14	15	2
14	28	1
15	31	4
17	10	0
18	27	2
19	26	4
20	28	4
21	21	4
21	27	2
23	24	1
24	9	0
24	48	1
25	10	0
26	2	1
26	30	2
27	12	3
27	42	2
27	44	0
29	1	0
30	8	0
31	18	1
31	26	1
31	43	2
33	2	2
33	21	2
34	6	1
34	28	2
34	48	4
35	48	3
37	11	2
38	5	1
38	41	0
39	16	4
39	26	2
40	17	1
40	28	2
41	20	1
42	25	2
43	26	2
44	3	2
44	8	4
45	13	2
47	40	1
48	12	1
49	47	3
50	4	3
51	10	0
53	13	3
55	11	3
57	48	1
59	17	4
63	7	3
68	12	1
68	22	1
69	13	4
69	49	2
70	22	1
70	25	4
71	19	3
72	42	3
74	43	3
77	6	0
78	40	4
79	7	2
82	41	3
83	4	4
83	47	4
84	13	2
85	12	1
86	2	0
86	10	4
87	14	2
88	15	0
88	17	2
88	26	4
90	5	0
90	14	1
90	46	2
91	3	0
91	41	1
92	8	4
93	1	2
93	28	1
93	49	3
95	36	1
98	7	0
98	19	3
98	25	4
99	7	2
99	21	0
101	1	0
103	3	2
103	12	3
103	47	2
104	10	4
104	22	1
104	46	2
105	6	4
105	13	2
105	18	1
107	40	2
108	9	1
108	25	2
108	30	3
110	33	1
111	45	4
112	13	2
112	41	3
112	48	2
113	28	3
114	24	1
115	20	1
116	25	1
116	47	4
120	14	3
120	49	3
122	4	2
123	18	3
124	8	0
124	21	1
124	45	1
125	27	2
125	44	0
126	9	0
126	19	0
126	29	1
126	35	3
128	18	2
128	19	4
128	27	4
128	35	1
129	20	1
129	22	2
129	37	3
129	41	1
129	49	0
131	38	3
133	34	1
134	3	3
134	11	4
135	15	4
137	21	3
137	46	4
139	2	0
139	17	3
139	27	4
141	5	4
142	49	4
143	14	3
144	29	0
144	35	4
145	11	4
145	18	2
147	4	4
147	25	3
147	45	3
149	11	1
150	25	0
151	24	2
151	31	1
151	41	3
151	49	3
153	10	4
155	1	2
155	26	3
157	4	1
157	11	1
157	37	4
157	38	3
159	1	1
160	44	3
162	6	1
162	48	3
164	12	1
164	21	3
164	38	0
167	24	1
167	25	0
167	29	3
168	44	1
169	26	3
170	29	2
173	35	3
174	4	4
176	38	3
177	19	0
178	13	0
180	49	1
181	7	1
181	8	3
181	48	1
183	45	3
183	48	3
184	38	4
185	13	3
185	29	4
186	19	1
186	27	4
187	42	1
190	1	4
191	22	3
191	47	0
192	1	2
192	3	2
193	14	3
194	6	2
194	44	0
195	4	3
195	31	1
195	43	1
196	4	2
198	40	3
199	49	3
200	40	3
201	14	0
201	21	0
201	27	1
201	36	0
202	20	2
204	1	0
204	31	0
207	10	2
207	23	2
209	18	2
210	9	3
210	16	3
211	37	2
211	46	3
214	35	2
215	12	0
215	44	1
216	29	0
218	27	2
218	28	0
220	14	4
221	9	4
221	12	3
221	22	2
221	42	1
221	45	4
223	12	0
224	21	3
224	48	2
225	2	0
226	13	0
226	32	2
227	40	0
229	46	3
230	22	4
230	33	3
231	6	2
231	7	3
231	16	2
231	27	2
232	23	0
233	11	3
234	1	0
236	22	4
242	17	1
242	24	4
243	45	0
247	1	2
247	6	1
247	35	2
248	23	3
248	26	4
249	22	2
251	24	3
252	30	0
252	47	3
253	38	3
253	49	3
254	18	0
254	23	0
255	8	3
255	17	0
255	21	1
258	2	2
259	17	0
259	38	1
259	39	3
260	15	2
260	26	0
262	4	4
263	46	0
264	24	4
264	40	1
265	21	0
266	19	4
267	43	4
268	2	4
269	9	4
269	14	4
270	16	2
270	25	2
271	19	1
272	31	4
272	36	1
273	10	3
273	25	4
274	5	0
274	10	1
274	38	3
274	39	1
275	22	1
275	42	4
276	5	2
276	41	3
277	22	2
278	16	0
279	3	4
279	8	1
281	22	3
281	30	1
283	19	3
283	32	4
285	35	0
286	41	0
286	48	2
288	33	4
288	46	1
290	24	1
292	2	3
293	21	0
295	2	0
296	3	0
297	33	3
297	43	4
298	38	0
299	2	2
299	5	0
299	29	0
299	39	2
302	37	2
302	39	1
302	45	3
302	46	3
303	25	4
304	26	1
304	31	4
308	19	2
309	44	2
309	45	4
310	15	3
312	35	0
313	25	2
314	25	2
315	25	4
315	39	3
315	48	0
316	10	0
316	12	1
316	49	2
317	14	4
318	47	0
319	17	1
319	20	1
321	15	0
324	7	4
325	40	4
327	6	3
327	8	2
327	30	0
327	49	0
328	22	4
329	39	2
331	21	2
332	19	2
334	41	3
335	18	3
336	18	1
337	18	4
337	44	0
338	3	0
338	14	0
338	19	2
338	25	3
338	41	2
340	4	0
340	28	1
340	36	2
341	14	3
341	38	3
341	39	4
343	11	4
345	20	4
345	31	0
347	37	1
348	15	0
348	27	1
351	37	3
351	44	0
352	7	2
352	26	1
353	9	3
354	10	2
354	30	4
355	38	3
355	43	4
357	16	4
358	5	4
358	19	1
359	44	3
361	44	3
363	8	2
363	23	1
365	18	2
365	22	1
366	33	2
368	29	2
368	44	3
369	8	2
369	21	4
370	32	2
370	41	1
372	9	4
372	31	3
374	47	2
375	27	4
376	18	1
377	20	2
377	22	4
378	31	0
378	45	4
380	30	3
380	39	2
381	18	2
381	44	3
382	11	4
382	27	1
382	28	4
386	12	3
386	37	1
387	4	1
387	43	2
387	44	1
388	18	3
388	25	1
388	29	1
388	30	1
388	46	4
389	3	3
389	34	4
390	14	1
391	4	2
392	20	1
392	22	1
392	32	3
393	9	4
393	15	0
393	24	3
394	13	0
395	2	2
395	14	3
395	39	4
396	1	1
396	24	4
396	42	1
396	44	0
400	16	1
400	48	2
402	10	2
406	12	1
406	34	0
408	1	2
408	12	1
409	44	0
415	13	0
417	45	1
418	18	1
419	27	1
419	33	4
419	38	3
420	7	1
421	32	1
422	3	3
422	6	2
422	13	1
423	18	1
423	45	3
424	9	4
425	21	1
425	48	2
427	12	3
428	49	3
429	3	3
430	44	3
431	35	3
431	42	3
435	8	2
435	29	0
435	46	2
436	18	3
436	48	3
437	7	3
438	44	2
440	34	2
441	33	4
443	29	0
443	44	0
444	4	4
444	30	0
445	10	4
445	14	2
445	30	2
446	26	0
447	44	0
449	17	2
450	10	3
450	39	0
451	6	0
452	21	0
452	40	4
455	45	2
456	20	2
456	25	3
457	47	4
458	25	4
458	34	2
458	43	2
459	1	2
459	41	4
459	46	3
460	13	2
461	35	1
462	7	3
462	28	3
462	33	1
463	16	0
467	7	1
467	16	0
467	41	2
468	36	0
471	27	0
471	33	0
471	35	2
472	35	4
472	40	4
477	26	1
482	5	4
485	25	1
487	36	2
488	4	4
488	30	3
489	14	2
489	32	3
490	13	2
491	39	0
492	15	0
492	27	1
492	43	0
493	29	3
493	31	1
495	49	4
497	13	3
497	42	3
497	46	2
498	5	3
499	6	2
499	22	0
500	26	1
502	48	0
504	17	2
504	19	1
504	29	0
505	17	0
506	44	2
507	24	0
508	1	4
509	7	4
509	40	4
510	27	1
510	33	0
511	29	0
512	44	2
512	47	0
513	36	3
514	28	1
515	2	2
515	9	4
516	19	2
518	29	0
519	3	2
519	28	3
520	5	2
520	16	2
520	35	1
523	6	3
523	33	1
524	17	3
526	25	2
526	48	2
527	18	0
528	6	2
529	45	1
530	17	2
533	6	3
533	37	4
533	48	2
535	12	1
535	39	1
536	35	0
536	36	3
538	24	1
539	9	0
539	22	3
540	4	2
540	40	2
541	26	2
542	1	4
542	8	4
543	14	0
543	25	0
543	30	4
543	44	1
544	1	1
545	41	0
546	33	3
547	10	4
547	24	1
548	37	1
549	7	1
549	10	0
550	7	1
550	10	3
551	23	2
552	11	3
554	4	4
555	4	3
556	15	4
556	21	1
556	26	0
558	32	3
560	11	0
561	9	1
563	27	2
565	31	4
566	37	2
567	45	4
567	48	2
569	24	0
571	39	2
571	40	4
572	31	0
572	35	3
573	33	3
574	5	3
574	8	3
575	35	2
577	21	2
577	26	3
578	46	2
580	37	4
581	30	2
583	6	0
583	21	2
583	27	3
583	28	1
585	22	3
585	37	0
585	49	1
586	27	4
587	3	2
589	9	2
589	34	3
589	41	4
590	23	4
591	4	0
591	29	0
591	45	4
592	9	3
593	19	2
595	42	0
596	6	0
597	42	4
597	43	3
598	9	0
599	36	0
600	48	1
601	38	3
602	26	3
602	28	2
603	30	0
604	40	0
604	48	1
605	6	1
605	15	0
606	28	1
611	9	0
611	15	4
611	21	3
611	29	0
612	11	0
612	16	1
613	14	2
613	47	0
614	47	2
615	18	1
615	36	4
616	3	0
616	18	3
616	28	0
618	33	3
619	10	2
619	44	3
620	8	0
622	44	1
623	10	4
623	32	3
624	36	1
625	23	0
625	27	1
625	36	2
626	8	1
626	9	2
629	11	0
630	28	1
631	3	0
632	39	3
633	3	1
634	11	2
635	37	4
636	14	2
637	7	0
637	21	3
639	18	4
643	3	3
644	27	2
645	33	1
646	2	0
648	19	2
649	34	2
649	36	1
650	1	2
650	8	2
650	15	1
651	9	3
651	16	1
651	21	4
652	2	3
652	34	0
654	38	4
655	1	1
655	11	3
656	11	0
656	25	1
657	44	0
658	37	2
658	38	3
661	33	4
662	23	4
663	2	3
664	28	4
665	28	0
667	6	2
667	19	1
667	34	3
669	39	0
670	6	0
671	10	3
672	47	4
673	11	2
673	48	3
674	5	1
675	31	2
675	32	0
676	2	2
676	14	0
677	16	3
677	24	2
678	26	0
680	38	2
680	48	2
681	12	0
682	36	0
683	39	4
684	12	2
684	41	3
687	38	2
690	15	4
691	28	4
692	21	0
692	22	1
692	35	3
692	45	4
693	11	0
693	33	3
694	17	0
695	36	4
695	47	4
696	29	0
698	13	4
699	19	0
699	42	4
701	13	0
702	12	4
703	13	0
703	31	1
704	1	0
704	37	4
704	38	4
704	48	1
706	21	2
706	29	3
707	7	0
707	14	1
707	24	4
707	27	4
708	23	1
708	42	2
710	6	0
711	34	4
712	43	3
712	48	0
715	2	0
715	3	3
716	22	4
716	33	1
717	3	0
717	10	4
718	19	0
722	2	4
722	30	1
724	44	1
725	14	2
725	31	3
726	6	3
727	11	4
728	9	3
728	23	1
728	43	4
731	15	3
731	30	1
732	43	4
733	34	4
734	16	4
735	17	3
736	29	3
737	1	0
737	43	0
739	16	3
739	28	2
740	32	2
741	2	4
741	48	2
742	5	0
743	3	3
743	40	1
744	5	3
744	44	4
745	39	0
748	12	3
748	27	0
748	30	0
748	39	2
753	19	0
755	20	4
755	26	1
756	16	4
756	36	0
757	8	3
757	21	1
757	49	3
758	23	0
758	32	0
759	10	0
759	33	0
760	8	0
762	21	2
762	35	1
764	19	0
765	37	4
765	43	2
766	6	0
766	8	3
768	30	2
770	34	2
770	36	0
772	2	4
772	20	3
775	11	1
775	15	1
777	11	2
777	15	3
781	35	2
781	42	3
783	9	0
784	27	3
786	11	4
787	19	1
788	13	1
790	7	2
790	10	0
790	13	1
790	21	0
790	33	2
792	24	1
794	13	4
794	43	4
795	49	2
797	10	2
798	17	3
799	26	1
799	29	1
800	32	2
802	37	3
807	5	4
807	20	0
807	43	3
808	40	4
809	4	2
810	37	1
811	2	1
811	22	2
812	8	3
812	49	2
813	15	2
813	20	2
813	38	0
815	30	4
816	29	4
816	39	4
816	41	0
817	43	0
818	15	0
818	47	1
819	19	2
819	25	4
821	10	2
822	5	1
826	14	0
826	43	4
826	46	4
827	7	2
829	13	0
829	29	1
829	34	1
829	43	3
833	3	0
833	21	2
833	48	0
835	18	3
837	6	3
837	31	3
840	28	3
841	1	2
841	23	0
842	28	4
843	16	4
845	34	0
846	14	2
847	46	4
848	39	1
849	7	2
849	15	0
852	39	3
856	17	0
857	6	4
857	15	3
857	23	2
857	29	1
859	49	3
860	28	4
862	10	1
862	18	4
863	8	0
864	17	3
864	22	3
867	25	4
867	37	3
867	39	3
868	31	4
869	32	4
870	13	2
870	19	3
871	14	2
871	24	3
871	47	0
875	24	3
876	8	0
876	49	1
877	20	0
879	47	4
880	2	1
881	26	1
882	38	3
882	46	3
883	6	2
883	34	0
885	13	1
885	17	1
885	29	3
885	32	0
885	33	4
887	40	4
888	18	3
888	45	2
889	42	1
891	5	4
891	31	0
893	44	3
893	45	1
896	13	1
897	5	4
897	19	0
898	48	2
901	29	0
901	43	2
902	3	4
903	39	1
904	35	3
904	44	4
905	14	3
906	28	0
908	9	4
908	10	1
908	42	4
910	6	2
910	9	0
910	10	2
910	44	3
913	23	4
914	14	0
914	34	2
914	43	3
915	9	2
915	37	3
916	15	4
917	29	1
917	43	2
918	29	0
919	4	3
919	40	0
919	43	1
922	30	3
923	4	4
924	7	0
925	48	1
926	5	1
927	6	2
927	34	0
927	37	0
928	1	3
929	35	3
930	22	0
930	45	4
932	6	0
932	44	0
933	6	2
933	26	1
933	43	0
934	15	1
937	36	0
937	47	3
940	37	4
942	15	2
946	32	4
948	14	1
949	32	3
951	38	4
953	12	3
954	6	2
955	6	3
955	20	1
956	13	1
959	3	1
959	26	3
961	5	1
961	20	2
965	36	4
966	42	4
969	16	2
970	42	4
972	37	0
972	46	0
973	16	3
973	34	0
974	9	0
975	9	2
975	14	2
975	33	1
976	24	0
976	31	4
976	48	2
977	29	3
977	34	3
978	5	3
979	19	4
979	42	0
980	10	4
980	45	4
981	18	2
982	26	0
984	41	1
985	27	0
985	37	4
986	1	3
986	7	3
986	23	0
986	31	3
986	33	1
987	15	2
987	23	4
988	27	3
988	44	0
991	42	2
991	46	1
992	5	4
992	46	1
993	8	0
993	9	1
993	14	3
993	29	1
994	30	2
994	46	2
996	21	3
996	47	3
997	34	1
998	32	3
1000	11	3
1000	49	2
1001	17	2
1001	49	1
1002	17	2
1002	49	1
1003	1	0
1003	23	3
1004	41	1
1005	8	0
1005	44	1
1006	40	2
1006	42	4
1007	6	4
1007	43	1
1010	8	4
1011	14	3
1012	5	1
1012	41	1
1014	13	4
1014	28	1
1015	19	4
1015	47	1
1016	41	4
1016	49	2
1017	1	1
1017	31	2
1018	16	0
1020	45	0
1021	26	0
1022	6	1
1022	17	4
1024	32	3
1024	43	3
1025	8	0
1025	10	3
1026	4	1
1026	14	1
1026	28	1
1027	10	3
1027	19	4
1027	22	3
1027	39	2
1028	6	2
1029	22	4
1029	25	0
1030	45	0
1031	14	0
1032	16	0
1032	29	4
1033	8	3
1034	16	0
1035	3	4
1035	26	0
1037	36	2
1037	46	2
1038	22	4
1039	39	3
1040	43	3
1043	6	2
1043	35	2
1045	20	4
1046	38	2
1046	44	1
1048	21	1
1050	34	2
1051	4	0
1051	11	3
1054	13	1
1054	34	3
1055	40	4
1058	26	0
1059	46	3
1061	2	3
1062	39	4
1063	43	2
1064	14	4
1064	36	3
1066	32	0
1067	24	0
1068	7	0
1069	1	3
1069	22	0
1072	37	3
1075	4	3
1075	15	4
1077	27	2
1077	40	3
1078	27	1
1078	28	2
1079	1	2
1080	18	2
1080	42	0
1082	30	0
1082	44	0
1083	7	2
1084	23	2
1086	24	1
1087	13	0
1087	15	3
1088	44	0
1090	48	0
1091	11	4
1092	39	2
1092	42	0
1093	2	3
1095	18	4
1096	18	2
1099	38	4
1100	38	3
1101	22	3
1101	33	4
1104	6	2
1104	48	1
1105	23	0
1106	17	2
1108	21	4
1109	21	3
1109	30	1
1109	45	3
1111	21	0
1113	18	2
1113	28	1
1113	35	4
1114	2	3
1114	8	3
1114	37	3
1115	1	3
1115	31	3
1116	15	4
1116	44	0
1117	12	3
1117	42	2
1119	12	2
1119	31	2
1120	12	0
1120	41	2
1121	1	4
1121	6	0
1121	12	4
1122	3	3
1123	17	0
1124	49	2
1125	21	0
1127	9	1
1128	24	4
1128	25	4
1128	38	3
1130	5	3
1133	38	3
1135	3	4
1136	13	4
1136	25	4
1137	34	4
1139	12	2
1139	41	0
1142	16	4
1143	40	3
1143	46	0
1144	18	3
1148	43	3
1149	33	0
1150	6	3
1150	48	3
1151	23	1
1152	18	2
1153	14	0
1154	30	4
1156	23	2
1156	36	2
1157	20	0
1159	10	4
1159	23	0
1159	37	4
1160	40	1
1161	31	2
1162	27	2
1162	38	0
1162	43	2
1163	11	4
1165	12	0
1165	23	3
1166	18	0
1166	33	1
1167	8	2
1169	7	4
1169	25	0
1171	44	0
1172	2	3
1172	17	4
1172	38	3
1173	18	0
1174	36	3
1175	5	2
1176	28	1
1177	47	3
1179	18	1
1180	20	4
1181	4	0
1181	17	3
1181	21	1
1185	4	0
1186	35	0
1187	48	3
1189	9	1
1189	10	1
1194	12	1
1194	35	1
1197	32	2
1198	9	3
1199	20	4
1199	29	2
1199	49	0
1202	10	0
1202	15	3
1203	6	0
1203	42	0
1203	48	4
1204	43	0
1205	23	2
1205	30	3
1206	9	4
1206	11	1
1207	5	3
1207	34	2
1207	38	3
1209	17	4
1209	18	3
1209	43	2
1209	47	0
1210	14	1
1210	31	4
1211	26	3
1213	35	2
1217	37	1
1217	42	1
1217	44	4
1218	26	3
1220	5	3
1222	17	4
1222	34	2
1223	2	2
1224	42	3
1225	27	4
1225	34	1
1226	14	2
1226	16	3
1227	15	4
1227	18	0
1228	35	1
1228	37	0
1230	49	2
1231	28	3
1232	22	0
1232	25	4
1232	45	1
1233	17	3
1235	33	2
1236	38	1
1239	25	4
1239	33	2
1240	13	4
1240	39	0
1241	10	3
1241	20	0
1242	42	2
1243	46	0
1244	23	2
1244	28	3
1248	45	3
1249	13	0
1249	26	1
1249	40	2
1250	40	0
1252	4	1
1253	27	4
1255	8	1
1256	8	3
1258	10	1
1259	6	2
1259	8	3
1259	28	0
1259	30	4
1259	34	3
1259	37	3
1260	19	0
1260	28	1
1260	47	1
1262	47	4
1265	11	4
1265	21	0
1266	30	4
1268	25	4
1269	23	1
1270	5	1
1270	14	0
1272	26	4
1273	1	2
1273	31	0
1274	28	2
1278	34	3
1279	12	0
1285	11	1
1289	28	4
1289	36	3
1290	14	0
1290	18	1
1290	32	0
1290	44	3
1291	40	1
1292	23	1
1294	24	1
1295	4	3
1295	30	4
1295	31	2
1295	38	3
1303	1	2
1303	3	1
1304	32	3
1304	38	4
1305	15	0
1307	27	1
1307	41	0
1308	31	2
1310	45	2
1311	40	4
1312	26	3
1313	18	3
1314	29	3
1314	33	3
1315	23	3
1315	32	3
1315	47	1
1316	13	3
1316	29	4
1317	15	3
1317	17	3
1319	2	4
1319	36	0
1320	20	3
1320	44	2
1321	8	3
1322	20	0
1323	5	0
1323	27	3
1324	6	0
1324	24	0
1324	26	2
1326	7	4
1326	36	1
1326	37	4
1328	30	3
1329	41	1
1331	24	0
1334	20	0
1334	30	2
1337	20	1
1338	35	3
1340	8	3
1340	26	2
1342	22	0
1343	41	3
1343	45	4
1345	15	3
1346	24	0
1346	31	1
1346	42	1
1346	44	2
1348	46	3
1349	5	0
1350	5	1
1351	24	3
1352	45	3
1354	5	1
1354	33	3
1354	37	2
1354	39	2
1354	46	2
1355	7	2
1355	47	0
1356	49	4
1358	38	2
1359	4	3
1359	19	1
1359	36	2
1360	9	0
1360	25	0
1362	8	3
1362	35	4
1363	18	2
1363	19	3
1363	31	3
1364	38	0
1365	43	1
1366	26	4
1367	31	0
1369	17	1
1369	43	2
1370	6	4
1370	10	2
1371	3	4
1372	23	4
1372	46	0
1374	10	1
1374	14	2
1378	39	3
1379	1	1
1381	8	3
1381	19	0
1382	5	0
1382	24	4
1382	40	4
1383	23	1
1383	30	2
1384	3	1
1384	10	2
1385	21	0
1385	43	2
1387	6	3
1387	36	3
1389	27	4
1390	16	3
1391	1	0
1391	13	0
1393	42	3
1393	45	3
1394	33	4
1395	49	1
1396	22	3
1396	31	0
1400	40	1
1403	6	0
1403	8	0
1403	27	4
1405	41	0
1406	19	3
1406	35	2
1408	7	1
1409	28	4
1410	3	0
1415	31	3
1415	35	3
1416	36	3
1417	10	2
1417	14	3
1417	30	1
1418	10	4
1419	1	4
1419	14	3
1421	30	1
1422	14	0
1422	16	4
1426	9	2
1428	2	2
1428	9	4
1428	12	2
1431	38	1
1431	46	1
1432	36	0
1434	2	0
1434	6	2
1434	19	3
1434	30	2
1435	43	2
1436	35	0
1438	23	2
1439	22	4
1440	13	0
1440	33	2
1441	30	1
1441	32	3
1441	34	1
1443	17	2
1445	25	2
1446	8	2
1446	27	0
1447	39	4
1448	34	3
1453	30	0
1453	44	3
1454	11	2
1455	2	3
1456	16	1
1456	24	3
1457	45	3
1460	17	0
1460	31	2
1461	47	0
1463	22	3
1463	26	0
1465	19	0
1467	11	0
1468	2	0
1468	34	1
1468	45	3
1469	16	1
1470	4	4
1470	23	1
1470	49	1
1471	47	3
1472	47	2
1474	8	1
1474	30	2
1476	17	3
1477	36	1
1479	2	1
1480	4	0
1480	11	3
1480	21	1
1483	9	0
1483	11	1
